112
112
112
112
112
112
112
112
112
112
112
112
112
112
112
112
112
112
112
112
112
112
112
112
112
112
112
112
112
112
112
112
112
112
112
112
112
112
112
112
112
112
112
112
112
112
112
112
112
112
112
112
112
112
112
112
112
112
112
112
112
112
112
112
112
112
112
112
112
112
112
112
112
112
112
112
112
112
112
112
112
112
112
112
112
112
112
112
112
112
112
112
112
112
112
112
112
112
112
112
112
112
112
112
112
112
112
112
112
112
112
112
112
112
112
112
112
112
112
112
112
112
112
112
112
112
112
112
112
112
112
112
112
112
112
112
113
113
112
112
113
113
113
112
112
112
112
112
113
113
112
112
112
112
112
112
112
112
112
112
112
112
112
012
112
112
112
112
112
112
112
112
112
112
112
112
112
112
112
112
112
112
112
112
112
112
112
112
112
112
112
112
112
112
112
012
112
112
112
112
112
112
112
112
112
112
112
112
112
112
112
112
112
112
112
112
012
012
112
112
112
112
112
112
112
112
112
112
112
112
112
112
112
112
112
112
112
112
112
112
112
112
112
112
112
112
112
112
112
112
112
112
112
112
112
112
112
112
112
112
112
112
112
113
113
113
112
112
113
114
113
112
112
112
112
112
113
113
112
112
112
112
112
112
112
112
112
112
112
112
112
124
124
112
112
112
112
112
112
112
112
112
112
112
112
112
012
012
112
112
112
112
112
112
112
112
112
112
112
112
112
112
113
123
113
112
112
112
112
112
112
112
112
112
112
112
112
112
112
112
112
112
112
012
113
236
113
112
112
112
112
112
112
112
112
112
112
112
112
112
112
112
112
112
113
113
112
112
112
112
112
112
112
112
112
112
112
112
112
112
112
112
112
112
112
112
112
112
112
112
112
113
113
113
112
112
112
112
112
113
127
113
112
112
112
112
112
112
112
112
113
113
113
112
112
112
112
112
112
137
138
113
112
112
112
112
112
112
112
112
112
112
112
112
124
124
112
112
112
112
112
112
112
112
112
112
112
112
112
012
113
258
113
012
112
112
112
112
112
112
112
112
112
112
112
112
112
112
112
112
112
012
113
236
113
112
112
112
112
112
112
112
112
112
112
112
112
112
112
112
112
112
124
159
113
112
112
112
112
112
112
112
112
112
112
002
012
112
112
112
112
112
112
113
025
013
112
112
112
112
113
113
112
112
112
113
113
113
114
113
112
112
112
112
112
112
112
113
014
014
013
113
112
112
112
112
112
113
113
112
112
112
112
112
112
112
112
112
112
112
112
012
136
135
012
112
112
112
112
112
112
112
112
112
112
112
112
112
112
112
112
112
112
112
112
112
112
112
112
112
112
112
112
112
112
012
112
113
112
112
112
012
112
112
112
112
112
112
112
112
112
112
112
112
112
112
112
112
112
002
124
15A
012
012
112
112
112
112
112
112
112
112
112
113
134
012
112
112
112
112
112
112
113
113
112
112
112
112
112
112
112
112
112
012
113
112
112
112
112
112
112
112
112
112
112
112
113
113
014
113
113
112
112
112
112
112
112
112
112
112
112
112
112
112
112
112
112
112
112
112
012
112
112
112
112
112
112
012
112
112
112
112
112
112
112
112
112
112
112
012
012
112
112
112
112
112
112
112
112
112
112
112
112
112
113
113
113
112
112
112
112
112
112
112
112
112
112
112
112
112
113
112
112
112
112
113
113
113
246
48B
124
123
124
113
112
112
112
112
112
112
113
113
124
012
112
112
112
112
112
112
112
112
112
112
112
112
112
112
112
112
124
148
113
112
112
112
112
113
113
113
112
112
112
112
112
112
013
014
014
113
113
112
112
112
112
112
112
112
112
013
113
112
112
112
112
112
112
112
112
112
112
112
112
112
112
112
112
112
112
112
112
112
112
112
112
112
012
247
235
012
112
112
112
112
112
112
112
112
112
012
112
113
113
113
012
112
112
112
112
112
112
112
112
112
112
112
112
113
113
112
112
112
012
136
148
269
6AB
9DE
48A
259
148
113
012
112
112
112
113
113
113
012
012
112
112
112
112
112
112
112
112
112
112
112
112
112
112
112
112
112
113
125
113
112
113
113
113
013
114
113
113
112
112
112
113
113
114
114
114
114
114
114
113
113
113
113
112
112
112
013
113
112
113
114
112
112
112
112
112
112
112
112
112
012
234
479
112
112
112
112
112
112
112
112
112
112
112
124
113
112
112
112
112
112
112
112
112
012
113
113
113
113
113
112
112
112
112
112
112
112
112
112
112
112
112
113
113
113
112
112
112
112
112
112
112
012
125
26A
113
112
112
112
112
112
113
113
113
112
112
112
112
112
112
112
112
112
112
112
112
112
112
112
112
112
112
112
112
112
112
112
112
113
113
114
014
014
113
113
113
113
113
113
014
014
114
114
114
114
025
025
114
114
114
114
113
112
112
112
112
112
112
113
014
113
112
112
112
112
112
112
112
112
113
123
112
112
112
112
112
112
112
112
112
112
112
012
012
112
112
112
112
112
112
112
013
113
113
113
113
012
112
112
112
112
112
112
112
112
112
112
012
113
113
113
112
112
112
112
112
112
112
112
112
012
124
149
113
112
112
112
113
113
113
113
112
112
112
112
112
112
112
112
112
112
112
112
112
112
112
112
112
002
002
112
112
112
112
112
113
114
114
114
014
114
113
113
113
113
114
014
025
026
026
026
025
025
026
026
026
026
014
114
114
113
113
113
112
112
112
112
113
113
112
112
112
112
112
112
112
112
012
012
112
112
112
112
112
112
112
112
112
112
112
112
112
112
112
112
112
112
113
113
113
113
113
113
012
112
112
112
112
112
112
112
112
112
112
113
113
113
113
112
112
112
112
112
112
112
112
112
112
112
113
126
113
112
112
113
113
113
113
112
112
136
124
012
112
112
112
112
112
112
112
112
112
112
112
012
112
59A
599
012
112
112
112
113
114
015
025
114
114
113
112
112
113
113
113
113
113
113
113
113
113
113
025
026
026
026
026
026
014
014
014
114
113
113
112
112
112
112
112
112
113
113
112
112
112
112
112
112
112
112
112
112
112
112
112
112
112
112
112
112
112
112
112
112
113
113
113
113
113
113
113
112
112
112
112
112
112
112
112
112
112
112
113
113
113
113
002
112
112
112
112
112
112
112
112
112
112
112
112
112
112
113
113
113
113
112
112
112
112
113
113
112
112
112
112
112
112
112
112
112
112
112
112
112
112
467
367
012
112
113
113
114
114
025
026
113
113
112
112
113
112
113
114
113
114
114
114
114
014
025
014
013
113
113
026
026
026
025
026
014
114
114
113
113
112
112
112
112
113
026
113
112
112
112
112
112
112
112
112
112
112
012
012
112
112
112
112
112
112
112
112
112
113
113
113
113
113
113
112
112
112
112
112
112
112
112
112
112
113
113
113
113
124
123
012
112
112
112
112
112
112
112
112
112
112
112
112
112
012
113
213
113
112
112
112
112
112
112
112
112
112
112
112
112
112
112
112
112
112
112
112
112
112
002
002
112
112
113
114
114
114
014
113
113
112
112
113
114
114
114
114
114
015
114
114
114
014
014
114
113
012
112
112
113
014
014
026
026
025
114
114
114
113
112
112
113
113
113
113
113
113
113
112
112
112
112
112
112
112
124
113
112
112
112
112
112
112
112
012
012
113
213
113
113
112
112
112
112
112
112
112
112
112
112
112
012
113
213
113
112
012
012
112
112
112
112
112
112
112
112
112
112
112
112
012
113
213
213
113
112
112
112
112
112
112
112
112
112
112
112
112
112
112
112
112
112
112
112
112
112
112
112
112
112
113
114
114
114
014
113
112
112
112
113
114
014
014
014
014
026
026
026
026
026
026
026
025
015
014
113
113
112
112
113
015
025
026
025
014
114
113
112
113
114
113
112
113
114
114
113
112
112
112
112
112
112
112
357
124
012
112
112
112
112
112
012
113
213
213
113
113
012
112
112
112
012
012
112
112
112
112
012
113
213
213
113
112
112
112
112
112
112
112
112
112
112
112
112
112
112
112
012
113
313
323
113
112
112
112
112
112
112
112
112
112
112
112
112
112
112
112
112
112
112
112
113
113
112
112
112
112
112
113
014
025
114
113
112
112
113
113
014
114
014
026
026
026
027
027
027
027
027
027
027
027
127
026
027
025
113
112
112
112
014
014
025
026
114
114
113
112
112
112
112
113
113
113
113
112
112
112
112
112
112
112
012
112
112
112
112
112
012
012
113
313
323
113
113
012
112
112
112
012
124
124
012
112
112
012
113
313
323
113
112
112
112
112
112
112
112
112
112
112
112
112
112
112
112
012
213
323
323
113
112
112
112
112
112
112
112
112
112
112
112
112
112
112
112
112
112
112
112
112
124
147
113
112
112
112
113
113
014
025
014
113
012
113
114
014
014
025
126
138
137
027
027
026
138
149
149
149
149
149
138
027
027
027
026
125
125
013
112
013
014
026
025
014
113
013
112
112
112
112
112
112
112
112
112
112
112
112
112
112
112
112
112
112
112
012
012
213
323
323
113
112
112
112
112
112
112
012
235
235
012
112
012
213
323
323
113
112
112
112
112
112
112
112
112
112
112
112
112
112
112
012
112
423
523
313
112
112
112
112
112
112
112
112
112
112
112
112
112
112
112
112
112
112
112
112
112
112
112
112
112
112
112
112
114
114
014
014
015
113
113
114
114
014
025
027
137
027
026
026
026
114
114
114
114
114
015
114
025
027
027
027
027
138
148
025
013
112
112
114
014
014
014
013
112
112
112
112
113
113
112
112
112
112
112
112
112
112
112
112
112
012
012
112
423
523
313
112
012
112
112
112
112
112
112
113
012
012
012
112
423
523
313
112
112
112
112
112
112
112
112
112
112
112
112
112
112
112
012
213
423
523
213
112
112
112
112
112
112
112
112
112
112
112
112
112
112
112
112
112
112
112
112
112
112
112
112
112
112
112
113
113
114
114
014
114
113
112
113
114
014
026
026
027
027
026
114
113
014
014
125
125
025
025
027
026
025
026
025
026
026
026
027
027
027
015
113
112
014
025
114
113
113
112
112
112
113
014
113
112
112
112
112
112
112
112
112
112
112
012
213
423
523
213
113
012
112
112
112
112
112
112
112
112
112
012
213
423
523
213
112
012
112
112
112
112
112
112
112
112
112
112
112
112
112
012
423
623
423
112
112
112
112
112
112
112
112
112
112
012
002
112
112
112
112
112
112
112
112
112
112
112
112
112
112
112
112
112
113
014
014
114
114
114
112
112
013
014
025
026
027
027
026
114
114
025
027
027
138
139
028
028
027
027
027
027
027
027
114
015
027
027
138
127
015
112
112
114
114
114
114
112
112
112
112
112
112
112
112
112
112
112
112
112
112
012
012
423
623
423
112
012
012
112
112
112
112
112
112
112
112
112
012
423
623
423
112
112
113
123
113
112
112
112
112
112
112
112
112
112
112
012
012
633
A44
733
012
112
112
112
112
112
112
112
112
112
012
235
357
112
112
112
112
112
112
112
112
112
112
112
112
112
112
112
112
112
113
113
014
114
014
015
113
112
113
025
027
138
138
026
114
115
026
027
138
027
015
027
039
139
149
149
139
138
027
028
026
115
014
025
138
037
015
113
112
113
113
114
014
013
013
112
112
112
112
112
112
112
112
112
112
012
012
012
633
A44
733
012
012
112
112
112
112
112
112
112
112
112
012
012
633
A44
733
012
112
112
123
369
113
012
112
112
112
112
113
113
112
002
512
A33
A63
D74
843
213
112
112
112
112
112
112
112
112
112
112
012
235
346
113
112
112
112
112
112
112
112
112
112
112
112
112
112
112
112
112
112
112
114
114
025
026
012
112
113
025
027
148
138
026
014
026
027
027
138
026
026
138
14A
15B
15A
15A
14A
14A
139
027
027
027
025
014
026
027
026
114
112
112
113
014
026
014
013
112
112
112
112
112
112
112
112
112
002
512
A33
A63
D74
843
213
012
112
112
112
112
112
112
112
112
002
512
A33
A63
D74
843
213
112
112
112
112
113
112
112
112
112
112
113
113
112
012
753
D95
FB5
E84
643
223
112
112
112
112
112
112
112
112
112
112
112
112
012
002
112
112
112
112
112
112
112
112
112
112
112
112
112
014
113
112
112
112
112
114
114
025
025
013
112
112
114
027
026
027
026
014
027
027
027
027
028
14A
15A
14A
27B
27B
27B
16B
14A
14A
139
027
027
027
025
025
026
126
014
012
112
113
114
125
014
113
112
112
112
112
112
112
112
112
012
753
D95
FB5
E84
643
223
012
112
112
112
112
112
112
112
112
012
753
D95
FB5
E84
643
223
112
112
112
112
112
012
112
112
112
113
113
112
112
112
012
953
E84
B74
422
002
112
112
112
112
112
112
112
112
112
112
112
113
113
112
112
112
112
112
112
112
112
112
112
112
112
112
112
112
014
013
112
112
112
112
014
114
025
026
014
013
012
013
027
027
027
026
014
027
027
027
027
039
14A
14A
14A
38C
5CE
5DE
4AD
16B
14A
14A
038
026
027
027
014
025
026
014
113
113
112
113
014
114
113
112
112
112
112
112
112
112
012
012
953
E84
B74
422
002
012
112
112
112
112
112
112
112
112
112
012
953
E84
B74
422
002
112
112
112
112
112
112
112
112
012
213
112
112
112
112
112
112
212
212
212
112
112
112
112
112
112
112
112
112
112
112
012
113
113
113
112
112
112
112
112
112
112
113
113
112
112
112
112
112
112
112
112
112
112
112
112
113
113
025
027
026
014
113
112
014
026
027
127
027
025
026
027
027
15A
15A
039
15A
3AD
BFF
9FF
5CD
27B
15A
14A
139
138
027
027
026
025
014
114
114
013
112
113
114
114
113
112
112
112
112
112
112
112
112
112
212
212
212
002
112
112
112
112
112
112
112
112
112
112
112
002
212
212
212
112
112
112
112
112
112
112
112
112
113
213
113
112
112
112
112
112
112
012
002
112
112
112
112
112
112
112
112
112
112
112
112
113
113
113
112
112
112
113
114
112
113
113
112
112
112
112
112
112
112
112
112
112
112
112
112
112
112
113
114
025
027
025
013
112
112
026
027
027
038
015
014
025
027
138
15A
15A
14A
26B
7CD
6CE
4AD
27B
138
149
14A
149
038
149
027
025
114
114
014
113
112
113
114
114
113
112
112
112
112
112
112
112
112
112
012
012
012
112
112
112
112
112
112
112
112
112
112
112
112
112
113
123
012
112
112
112
112
112
112
112
112
213
323
113
112
112
112
112
112
112
012
246
258
113
112
112
112
112
112
112
112
112
112
112
113
113
113
113
112
112
112
113
113
113
113
112
112
112
112
112
112
112
112
112
112
112
112
112
112
112
112
113
113
014
026
026
025
013
112
114
026
027
138
027
015
014
026
027
027
149
15A
15A
16B
27B
27B
15A
028
149
139
028
027
138
027
125
114
014
137
114
112
113
114
114
113
112
112
112
112
112
112
112
112
112
112
112
112
112
112
112
112
112
112
112
112
112
112
112
112
112
112
012
112
112
112
112
112
112
112
012
112
523
112
112
112
112
112
112
112
112
012
246
258
113
112
112
112
112
112
112
112
112
113
113
113
113
113
112
112
112
112
113
113
113
112
112
112
112
112
112
112
112
112
112
112
112
112
112
112
112
112
112
113
114
014
137
137
114
113
112
014
026
026
027
137
127
015
125
026
027
138
139
038
138
139
039
14A
14A
139
026
025
027
027
125
114
114
125
113
112
113
114
113
113
112
112
012
124
236
112
112
112
112
112
112
112
112
112
112
112
112
112
112
112
112
112
112
112
112
112
112
112
112
112
112
112
112
012
623
423
112
112
112
112
112
112
112
112
112
112
012
002
112
112
112
112
112
112
112
112
113
113
113
113
112
112
112
112
012
213
213
112
112
112
112
112
112
112
112
112
112
112
112
112
112
112
112
112
112
112
112
113
113
014
125
025
026
026
014
113
113
014
026
038
138
014
014
014
015
026
015
014
027
038
038
039
139
126
114
014
027
027
025
114
114
013
112
112
113
014
112
112
112
112
112
113
113
112
112
112
112
112
112
112
112
112
112
112
112
112
112
112
012
112
112
112
112
112
112
112
112
112
112
512
A63
D74
213
112
112
112
112
112
112
112
112
112
112
112
112
112
112
112
112
112
112
012
113
113
113
113
112
112
112
112
112
112
113
323
113
112
112
112
112
112
112
112
112
112
112
112
112
112
114
113
112
112
112
112
112
012
012
114
014
014
025
026
026
025
113
014
014
014
114
114
014
014
014
114
014
026
027
028
038
028
025
014
025
027
027
025
114
114
114
112
112
112
113
014
113
112
112
112
112
112
012
112
112
112
112
112
112
112
112
112
112
112
112
112
012
124
136
112
112
112
112
112
112
112
112
112
012
D95
E84
643
112
112
112
112
112
112
112
112
112
112
112
112
112
112
112
112
112
112
012
113
113
213
113
013
112
112
112
112
112
012
323
113
112
112
112
112
112
112
112
112
112
112
112
112
112
112
113
112
112
112
113
114
113
112
112
112
113
014
014
114
026
026
026
014
114
114
014
014
014
014
014
014
014
114
014
014
014
114
114
026
027
027
027
125
114
114
114
112
112
113
114
113
112
112
113
113
112
112
112
112
112
112
112
112
112
112
112
112
112
112
112
112
112
113
124
112
112
112
112
112
112
112
112
112
112
212
112
112
112
112
112
112
112
112
112
112
112
112
112
112
112
112
112
112
012
012
113
213
113
113
113
012
112
112
112
012
423
523
112
112
112
112
112
112
112
112
112
112
112
112
112
112
112
112
112
112
112
112
113
127
114
112
112
112
112
113
113
114
114
025
026
026
137
027
026
026
027
025
014
014
014
114
014
125
125
126
026
027
027
026
114
114
014
014
112
112
112
113
114
112
112
112
114
113
112
112
112
112
112
112
112
112
112
112
112
112
112
112
112
112
112
112
112
112
112
112
112
112
112
112
112
112
112
112
112
112
112
112
112
112
114
114
112
112
112
112
112
112
112
112
113
012
113
213
213
113
112
112
112
112
112
112
012
423
423
112
112
112
112
112
112
112
112
112
112
112
112
112
112
112
112
112
112
112
112
112
112
113
112
112
112
112
112
112
112
112
013
014
014
014
026
026
026
027
027
027
026
026
137
126
026
138
149
026
026
026
025
114
114
114
114
013
112
112
113
113
112
112
112
112
113
113
112
112
112
112
112
112
112
112
112
112
112
112
112
112
112
112
112
112
112
112
112
112
112
112
112
112
112
112
112
112
112
112
112
112
112
112
113
113
112
112
112
112
112
112
112
012
012
213
313
313
113
112
112
112
112
112
512
A33
D74
843
112
112
112
112
112
112
012
136
125
012
112
112
112
112
112
112
112
112
112
112
112
112
112
112
112
112
112
112
112
112
112
112
112
113
114
114
014
114
014
026
026
026
026
038
149
127
026
026
025
026
014
114
114
014
114
114
113
112
112
112
114
113
112
112
112
112
112
112
112
112
112
112
112
112
112
112
112
112
112
112
112
112
112
112
112
112
112
112
112
112
112
112
112
112
112
125
113
112
112
112
112
112
112
112
112
112
112
112
112
112
112
112
012
012
313
423
313
113
112
112
112
112
112
012
D95
FB5
643
223
112
112
112
112
112
112
112
113
113
012
112
112
112
112
112
112
112
112
112
124
113
112
112
112
112
112
112
112
112
112
112
112
112
112
112
113
014
114
114
114
114
114
025
026
114
014
114
114
114
114
114
015
015
014
114
113
112
112
112
113
113
113
112
112
112
112
112
112
112
112
112
112
112
112
112
112
112
112
012
012
112
112
112
112
112
112
112
112
112
112
112
112
112
112
112
114
113
112
112
112
112
112
112
112
112
112
112
112
112
112
112
012
113
413
523
213
113
012
112
112
112
112
112
112
212
212
112
012
012
112
112
112
112
112
112
012
012
112
112
112
112
112
112
112
112
112
112
136
124
112
112
112
112
112
112
112
112
112
112
013
112
112
113
114
113
114
114
114
114
114
114
014
014
014
114
114
014
026
014
015
014
112
112
112
112
112
112
113
113
112
112
112
112
112
112
112
112
112
112
112
112
112
112
112
112
012
124
236
012
112
112
112
112
112
112
112
112
112
112
112
112
112
112
112
112
112
112
112
112
112
112
112
112
112
112
112
112
012
012
213
523
423
113
012
012
112
112
112
112
112
112
112
112
012
002
124
124
112
112
112
112
112
112
112
112
112
112
112
112
112
112
112
112
112
112
012
112
112
112
112
112
112
112
112
112
112
112
114
113
112
112
112
112
113
114
113
113
114
114
114
014
114
114
113
014
025
013
112
012
012
112
112
112
113
114
112
112
112
112
112
112
112
112
112
112
112
112
112
112
112
112
112
112
012
124
235
012
112
112
112
112
112
112
112
112
112
112
112
112
112
112
112
112
112
112
112
112
112
112
112
112
112
112
012
012
112
313
523
413
112
012
012
112
112
112
112
112
112
112
112
012
113
245
37A
258
013
112
112
112
112
112
112
112
112
112
112
112
112
112
112
112
112
112
112
112
112
112
113
113
112
112
112
012
013
125
012
112
112
112
012
012
112
112
112
112
113
113
113
113
112
112
112
112
112
112
112
113
013
112
112
112
113
125
112
112
112
112
112
112
112
112
112
112
112
112
112
112
112
112
112
112
112
012
012
112
112
112
112
112
112
112
112
112
112
112
112
112
112
112
112
112
112
112
112
112
112
112
112
112
112
112
012
213
523
723
313
112
012
112
112
112
112
112
112
112
112
112
112
012
123
599
5BD
37B
136
113
112
112
112
112
112
112
112
112
112
112
112
112
112
112
112
112
112
112
112
112
113
113
112
112
112
124
479
6AC
135
113
012
112
112
112
112
112
112
112
112
112
112
112
112
112
112
112
112
112
112
113
114
112
112
113
112
112
112
112
112
112
112
112
112
112
112
112
112
112
112
112
112
112
112
112
112
112
112
112
112
112
112
112
112
112
112
112
112
112
112
112
112
112
112
112
112
112
112
112
112
112
112
012
012
112
313
623
623
313
112
012
112
112
112
112
112
112
112
112
112
112
112
112
112
001
147
136
002
112
112
112
112
112
112
112
112
112
112
112
112
112
112
112
112
112
112
112
112
112
112
112
112
112
012
024
379
59B
135
113
112
112
112
112
112
112
112
112
112
112
112
112
012
112
112
112
112
112
112
112
112
112
112
112
112
112
112
112
112
112
112
112
112
112
112
112
112
112
112
112
012
012
112
112
112
112
112
112
112
112
112
112
112
112
112
112
112
112
112
112
112
112
112
112
112
112
112
112
112
112
012
012
112
313
823
523
213
012
012
112
112
112
112
112
112
112
112
112
112
112
112
112
112
112
012
112
112
112
112
112
112
112
112
112
112
112
112
112
112
112
112
112
112
112
112
112
112
112
112
112
112
112
112
012
013
024
012
112
112
112
112
112
112
112
112
112
112
112
112
112
123
113
112
112
112
112
112
112
112
112
112
112
112
112
112
112
112
112
112
112
112
112
112
112
112
112
112
113
123
113
112
112
112
112
112
112
112
112
112
112
112
112
112
112
112
112
112
112
112
112
112
112
112
112
112
112
012
012
012
413
723
823
A34
323
012
112
112
112
112
112
112
112
112
112
112
112
112
112
112
112
112
112
112
112
112
112
112
112
112
112
112
112
112
112
112
112
112
112
112
112
112
112
112
112
112
112
112
112
112
112
112
113
012
012
112
112
112
112
112
112
112
112
112
112
112
112
112
112
358
124
012
112
112
112
112
112
112
112
112
112
112
112
112
112
112
112
112
112
112
112
112
112
112
112
012
123
37B
246
002
112
112
112
112
112
112
112
112
112
112
112
012
124
37A
135
012
112
112
112
112
112
112
112
112
112
012
222
A53
C63
B43
833
212
113
012
112
112
112
112
112
112
112
112
112
112
112
112
112
112
112
112
112
112
112
112
112
112
112
112
112
112
112
112
112
112
112
112
112
112
112
112
112
112
112
112
112
112
112
112
112
112
112
112
112
112
112
112
112
112
112
112
112
112
112
112
112
112
112
112
112
113
112
112
112
112
112
112
112
112
112
112
112
112
112
112
113
113
112
112
112
112
112
112
112
112
113
124
113
112
112
112
112
112
112
112
112
112
112
112
112
012
113
135
123
112
112
112
112
112
112
112
112
112
002
533
D74
FD6
E84
743
112
012
012
112
112
112
112
112
112
112
112
112
112
112
112
112
112
112
112
112
112
112
112
112
112
112
112
113
012
002
112
112
112
112
112
112
112
112
112
112
112
112
112
112
112
112
112
112
112
112
112
112
112
112
112
112
112
112
112
112
112
112
112
112
112
112
112
112
112
112
112
112
112
112
112
112
112
112
112
112
112
112
112
012
136
135
112
112
112
112
112
112
112
112
112
012
012
112
112
112
112
112
112
112
112
112
112
112
112
112
112
012
112
112
112
112
112
112
112
112
112
112
012
423
B53
B64
423
112
012
112
112
112
112
112
112
112
112
112
012
113
113
112
112
112
112
112
112
112
112
112
112
112
112
112
112
012
235
346
012
112
112
112
112
112
112
112
112
112
112
112
112
112
112
112
112
112
112
112
112
112
112
112
112
112
112
112
112
112
112
112
112
112
112
112
112
112
112
112
112
112
112
112
112
112
112
112
112
112
112
112
112
112
112
112
112
112
112
112
112
112
112
112
112
112
112
112
112
112
112
112
112
112
112
112
112
112
112
112
112
112
112
112
112
112
112
112
112
112
112
112
112
112
112
112
012
012
112
112
112
112
112
112
112
112
112
112
012
124
247
112
112
112
112
112
112
112
112
112
112
112
112
112
112
012
235
356
012
112
112
112
112
112
112
112
112
112
112
112
112
112
002
012
112
112
112
112
112
112
112
112
112
112
112
112
112
112
112
112
112
112
112
112
112
112
112
112
112
112
112
112
112
112
112
112
112
112
112
112
112
112
112
112
112
112
112
112
112
112
112
112
112
112
112
112
112
112
112
112
112
112
112
112
112
112
112
112
112
112
112
112
112
112
112
112
112
112
112
112
112
112
012
012
112
112
112
112
112
112
112
112
112
112
112
112
112
112
113
112
112
112
112
112
112
112
112
112
012
112
112
112
112
112
012
002
112
112
112
112
112
112
112
112
112
112
112
112
112
002
367
245
002
112
112
112
112
112
112
112
112
112
112
112
112
112
112
112
112
112
112
112
112
112
112
112
112
112
112
112
112
112
112
112
112
112
112
112
112
112
112
112
112
112
112
112
112
112
112
112
112
112
112
112
112
112
112
112
112
112
112
112
112
112
112
112
112
112
112
112
112
112
112
112
112
112
112
112
112
112
112
112
112
112
112
112
112
112
112
112
112
112
112
112
112
112
112
112
112
112
112
112
112
112
112
113
124
112
112
112
112
112
112
112
112
112
112
112
112
112
112
112
112
112
112
112
112
012
234
124
012
112
112
112
112
112
112
112
112
112
113
112
012
114
112
112
112
112
112
112
112
112
112
112
112
112
112
112
112
112
112
112
112
112
112
112
112
112
112
112
112
112
112
112
112
112
112
112
112
112
112
112
112
112
112
112
113
112
112
112
112
112
112
112
112
112
112
112
112
112
112
112
112
112
112
112
112
112
112
112
112
112
112
112
112
112
112
112
112
112
112
112
112
112
112
112
112
112
112
112
112
112
012
123
347
113
112
112
112
112
112
112
112
112
112
112
112
112
112
112
112
112
112
112
112
112
002
012
112
112
112
112
112
112
112
112
112
112
112
113
136
26A
137
124
112
112
112
112
112
112
112
112
112
112
112
112
113
114
113
112
112
112
112
112
112
112
112
112
112
112
112
112
112
112
112
112
112
112
112
112
112
112
112
113
358
113
012
112
112
112
112
112
112
112
112
112
112
112
112
112
112
112
112
112
112
112
112
112
112
112
112
112
112
112
112
112
112
112
112
112
112
112
112
112
112
112
112
112
112
112
112
012
012
112
112
112
112
112
112
112
112
112
112
112
112
112
112
112
112
112
112
112
112
112
112
112
112
112
112
112
112
112
112
112
112
112
112
124
158
39D
26A
125
112
112
112
112
112
112
112
112
112
112
112
112
113
125
113
112
112
112
112
112
112
112
112
112
112
112
112
112
112
112
112
112
112
112
112
112
112
112
112
112
113
112
112
112
112
112
112
112
112
112
112
112
112
112
113
113
112
112
112
112
112
112
112
112
112
112
112
112
112
112
112
112
112
112
112
112
112
112
112
112
112
112
112
112
112
112
112
112
112
112
112
112
112
112
112
112
112
112
112
112
112
112
112
112
112
112
112
112
112
112
112
112
112
112
112
112
112
112
112
112
112
112
112
012
112
147
113
012
112
112
112
112
112
112
112
112
112
112
112
112
112
112
112
112
112
112
112
112
112
112
112
112
112
112
112
112
014
013
112
112
112
112
112
112
112
112
112
112
112
112
112
112
112
112
112
112
112
112
112
112
112
112
113
113
112
112
112
112
112
112
112
112
112
124
124
112
112
112
112
112
112
112
112
112
112
112
112
112
112
112
113
112
112
112
112
112
112
112
112
112
112
112
112
112
112
112
112
112
112
112
112
112
112
112
113
113
112
112
112
112
112
112
112
112
112
112
112
112
112
112
112
112
112
002
112
112
112
112
112
112
112
112
112
112
112
112
112
112
112
112
112
112
112
112
112
112
112
112
112
112
112
112
112
113
148
124
112
112
112
112
112
112
112
112
112
112
112
112
112
112
112
112
112
112
112
112
112
112
112
112
112
112
112
112
112
112
112
112
112
112
112
125
125
112
112
112
112
112
112
112
112
112
112
112
112
112
112
113
137
113
112
112
112
112
112
113
112
112
112
112
112
112
112
112
112
112
112
112
112
112
112
012
124
247
113
112
112
112
112
112
112
112
112
112
112
112
112
112
112
112
112
112
112
112
112
112
112
112
112
112
112
112
112
112
112
112
112
112
112
112
112
112
112
112
112
112
112
112
112
114
137
48A
8DE
369
126
014
112
112
112
112
112
112
112
112
112
112
112
112
112
112
112
112
112
112
112
112
112
112
112
112
112
112
112
112
112
112
112
112
112
112
112
112
112
112
112
112
112
113
113
112
112
112
112
112
112
112
113
112
112
112
112
112
112
113
113
112
112
112
112
112
112
112
112
112
112
112
112
112
112
112
112
113
112
112
112
112
112
112
112
112
112
112
112
112
112
112
112
112
112
112
112
112
112
112
112
112
112
112
112
112
112
112
112
112
112
112
112
112
112
112
112
112
112
112
112
112
112
113
113
124
37B
135
113
113
112
112
112
112
112
112
112
112
112
112
112
112
112
112
112
112
112
112
112
112
112
112
112
112
112
112
112
112
112
112
112
112
112
112
112
112
112
112
112
112
112
114
126
112
112
112
112
112
112
112
112
112
112
112
112
112
112
112
112
112
112
112
113
002
002
112
112
112
112
112
112
112
112
112
112
112
112
112
112
112
112
112
112
112
112
112
112
112
112
112
112
112
112
112
112
112
112
112
112
112
112
112
112
112
112
112
112
112
112
112
112
112
112
112
112
112
112
112
112
112
112
112
112
113
148
124
112
112
112
112
112
112
112
112
112
112
112
112
112
112
112
112
112
112
347
235
012
112
112
112
112
112
112
112
112
112
112
112
112
112
112
112
112
112
112
112
112
112
112
113
113
112
112
112
112
112
112
112
112
112
112
112
112
112
112
112
112
112
112
112
002
245
246
012
112
112
112
112
112
112
112
112
112
112
112
112
112
112
112
112
112
112
112
112
112
112
112
112
112
112
112
112
112
112
112
112
112
112
112
112
112
112
112
112
112
112
012
112
112
112
112
112
112
112
112
112
112
112
112
112
112
112
112
112
112
112
112
112
112
112
112
112
112
112
112
112
112
112
112
112
112
112
123
113
012
112
112
112
112
112
112
112
112
112
112
112
112
112
112
112
112
112
112
112
112
112
112
112
112
112
112
112
112
112
112
112
112
112
112
112
112
112
112
112
112
112
112
112
012
235
245
012
112
112
112
112
112
112
112
112
112
112
112
112
112
112
112
112
112
112
112
112
112
112
112
112
112
112
112
112
124
125
112
112
112
112
112
112
112
112
112
112
002
235
478
112
112
112
112
112
112
112
112
112
112
112
112
112
112
112
112
112
112
112
112
112
112
112
112
112
112
112
112
112
112
112
112
112
112
112
012
112
112
112
112
112
112
012
012
012
012
012
012
012
012
012
012
012
012
112
112
112
112
112
112
112
112
112
112
112
012
012
112
112
112
112
012
012
112
112
112
112
112
112
112
112
113
002
002
112
112
112
112
112
112
112
112
112
112
112
112
112
112
112
112
002
112
112
112
112
112
112
112
112
112
112
112
112
114
124
112
112
112
112
112
112
112
112
112
112
012
123
134
112
112
112
112
112
112
112
112
112
112
112
112
112
112
112
112
112
112
112
112
112
112
112
112
112
112
112
112
112
112
112
112
112
112
112
112
112
112
012
012
012
002
223
533
423
423
423
433
533
423
213
213
223
223
012
012
012
113
114
113
112
112
112
112
112
113
113
112
112
112
002
235
234
002
112
112
112
112
112
112
112
112
112
112
112
112
112
112
112
112
112
112
112
112
112
112
112
112
012
134
478
112
012
112
112
112
112
112
112
112
112
112
113
112
112
112
112
112
112
112
112
112
112
112
112
112
112
012
112
112
112
112
112
112
112
112
112
112
112
112
112
112
112
112
112
112
112
112
112
112
113
113
112
112
112
112
112
112
112
112
112
112
112
112
012
012
002
213
843
953
B73
D94
D94
C94
C74
C73
C73
C73
B64
B63
954
734
533
323
112
013
014
113
112
112
112
012
112
679
557
002
112
012
356
9AA
678
024
113
112
012
002
112
112
112
112
112
112
112
112
112
112
112
112
112
112
112
112
112
112
112
112
112
123
235
112
112
112
112
112
112
112
112
112
112
112
112
112
112
112
112
112
112
112
112
112
112
112
112
112
112
112
112
112
112
112
112
112
112
112
112
112
112
112
112
112
112
112
112
112
112
112
112
112
124
126
112
112
112
112
112
112
112
112
112
112
112
012
113
433
A63
B83
FA4
FB4
FB4
FC4
FC4
FC4
FB4
FA4
FA3
FA4
F93
F83
D74
B64
954
734
634
423
212
012
012
112
112
112
112
335
234
012
112
012
234
445
234
113
112
012
234
346
112
112
112
112
112
112
112
112
112
112
112
112
112
112
112
112
112
112
112
112
112
112
002
112
112
112
112
112
112
112
112
112
112
112
112
112
112
112
112
112
112
112
112
112
112
112
112
112
112
112
112
112
112
112
012
112
112
112
112
112
112
112
112
112
112
112
112
112
112
112
112
112
112
112
112
112
112
112
112
112
112
112
112
012
112
533
963
D94
FB4
FB4
FC4
FC5
FB4
FB4
FB4
FB4
FB4
FB4
FA3
E93
E83
E83
E93
E94
C64
C64
A55
845
634
534
112
012
112
112
012
002
002
013
114
114
013
013
013
014
012
002
124
235
112
112
112
112
112
112
112
112
112
112
112
112
112
112
112
112
112
112
112
112
112
112
112
112
112
112
112
112
112
112
112
112
112
112
112
112
112
112
112
112
112
112
112
112
112
112
112
112
112
112
112
112
112
113
124
112
112
112
112
112
112
112
112
112
112
112
112
112
112
112
112
112
112
112
112
112
112
112
112
112
112
112
012
112
643
D94
FB4
FB4
FB4
FD6
FB5
FB4
FB5
FB4
FB4
FB4
FA4
E93
E93
E83
E83
E94
FA4
FA4
E83
E83
D73
B64
945
846
745
323
013
126
126
126
136
236
237
237
237
347
348
348
347
347
225
012
012
112
112
112
112
112
112
112
112
112
112
112
112
112
112
112
112
112
112
112
112
112
112
112
112
112
112
112
112
112
112
112
112
112
112
112
112
112
112
112
112
112
112
112
112
112
112
112
112
112
112
112
012
124
247
112
112
112
112
112
112
112
112
112
112
112
112
112
112
112
112
112
112
112
112
112
112
112
112
112
112
012
323
853
E94
FA4
FA4
FA4
FB4
FD5
FC5
FB5
FB5
FB4
EA4
EA4
E93
E93
E93
FA4
FA4
FB4
EA4
E84
E83
E83
E83
E84
C74
C64
A55
845
424
014
114
124
124
124
124
124
125
136
237
459
559
459
458
337
025
013
112
112
112
112
112
112
112
112
112
112
112
112
112
112
112
112
112
112
112
112
112
112
112
112
112
112
112
112
112
112
112
112
112
112
112
112
112
112
112
112
112
112
112
112
112
112
112
112
112
112
112
112
112
112
112
112
112
112
112
112
112
112
112
112
112
112
112
112
112
112
112
112
112
112
112
112
112
112
012
323
853
E83
FA4
FB4
FB4
FB4
FB5
FC5
FA4
FA4
FA4
FA3
E93
E93
FA4
FB4
FB4
FB4
FB4
EA4
E93
E83
E84
E83
E84
E83
E83
D73
A55
845
735
313
112
012
012
012
012
012
013
013
113
124
347
67A
669
458
348
125
013
112
112
112
112
112
112
112
112
112
112
112
112
112
112
012
112
112
112
112
112
112
112
112
112
112
112
112
124
126
113
112
112
112
112
112
112
112
112
112
112
112
112
112
112
112
112
112
112
112
112
112
112
112
112
112
112
112
112
112
112
112
112
112
012
002
112
112
112
112
112
112
112
112
112
112
112
112
012
533
B73
FA3
FA3
FA4
FA3
FA4
FA4
FA4
FA3
E93
FA4
FB4
FB4
FB4
FB4
FB5
FB4
EA4
E94
E93
E93
E94
E94
E94
E94
E84
D74
B54
A55
945
835
624
112
012
112
112
112
112
112
112
112
012
012
779
89B
67A
459
126
014
112
112
112
112
112
112
112
112
112
112
112
112
112
112
113
112
112
112
112
112
112
112
112
112
112
112
112
113
125
113
112
112
112
112
112
112
113
113
112
112
112
112
112
112
112
112
112
112
112
112
112
112
112
112
112
112
112
112
112
112
112
112
012
123
235
113
112
112
112
112
112
112
112
112
112
012
112
533
B84
FA4
FA3
FA4
FA3
FA3
FA4
FB4
FB4
FB4
FB4
FB5
FB5
FB5
FB5
FA4
E94
E93
E93
E93
E94
E94
E94
E94
E94
E83
C74
B54
B65
B55
B54
A44
734
423
113
012
112
112
112
112
112
112
012
012
778
9AB
78A
459
126
013
012
112
112
112
112
112
012
112
112
112
112
112
012
123
37B
146
002
112
112
112
112
112
112
112
112
112
112
112
112
112
112
112
112
112
112
112
125
125
112
112
112
112
112
112
112
112
112
112
112
112
112
112
112
112
112
112
112
112
112
112
112
112
012
134
479
113
012
112
112
112
112
112
112
112
112
012
212
A63
EA4
FC5
FB5
FC5
FC5
FC5
FC5
FB5
FB5
FC5
FC5
FC5
FB5
FB4
FB4
FA4
E93
E94
E94
E94
E94
E94
E93
E93
D73
D73
C64
B64
D64
D73
C64
A44
834
734
213
012
112
112
112
112
112
012
113
778
BBA
989
558
458
124
113
123
112
112
112
112
112
112
112
112
112
112
112
112
113
135
123
012
112
112
112
112
112
112
112
112
112
112
112
112
112
112
112
112
112
112
001
137
136
102
112
112
112
112
112
112
112
112
112
112
112
112
112
112
112
112
112
112
112
112
112
112
112
112
012
002
112
112
112
112
112
112
112
112
112
012
112
644
E93
FB4
FC5
FC5
FC5
FE7
FE7
FD6
FC5
FC5
FB5
FB4
FB4
FB4
E93
E94
E94
E94
E94
E94
F94
E94
E83
D73
D73
D73
D73
D73
D63
D63
E73
C64
944
944
734
424
213
012
112
112
112
002
113
879
CBA
CBA
989
547
112
012
346
458
112
012
112
112
112
112
112
112
112
112
112
112
112
012
012
112
112
112
112
112
112
112
112
112
112
112
112
112
112
112
112
113
125
025
247
49B
37A
026
014
114
112
112
112
112
112
112
112
112
112
112
112
112
112
112
112
112
112
112
112
112
112
112
112
112
112
112
112
112
112
113
002
012
112
012
112
644
E93
FA3
FB4
FC5
FB5
FB5
FB5
FB5
FB5
FB5
FA4
FA4
EA4
EA4
EA4
FA4
EA4
EA4
E94
E93
E93
D73
D73
D73
D73
D73
E94
E94
D63
D63
D64
B54
944
944
734
424
213
012
012
002
002
124
555
CBA
CAA
879
658
446
012
012
113
113
112
112
112
112
112
112
112
112
112
112
112
112
112
112
112
112
112
112
112
112
112
112
112
112
112
112
112
112
112
112
112
113
124
114
136
38B
26A
025
014
113
112
112
112
112
112
112
112
112
112
112
012
012
112
112
112
112
112
112
112
112
112
112
112
112
112
112
112
112
112
012
335
235
012
012
212
743
E83
E93
E93
EA3
E93
E93
E93
EA4
EA4
EA4
EA4
EA4
EA4
FA4
EA4
E94
E93
E93
E84
D73
D73
D63
D73
D84
E83
E94
E94
E84
D63
D73
B54
A44
A44
844
624
424
213
012
012
344
446
999
DCA
BA9
769
658
224
001
012
012
012
012
112
112
112
112
112
112
112
112
112
112
112
112
112
112
112
112
112
112
112
112
112
112
112
112
112
112
112
112
112
112
112
112
112
112
002
026
126
112
112
112
112
112
112
112
112
112
112
112
112
012
113
124
112
112
112
112
112
112
112
112
112
112
112
112
112
112
002
012
112
012
346
346
012
012
212
844
D73
E83
E93
FA4
FA3
FA3
FA4
FA4
FA4
EA4
EA4
EA4
E94
E94
E84
D73
D73
D73
D63
D73
D73
D83
E84
F94
F94
E94
D73
D63
D63
C64
A54
A44
944
734
524
313
002
012
666
CCA
DCA
DCA
A99
769
558
224
123
445
235
113
012
112
112
112
112
112
112
112
112
112
112
112
112
112
112
112
112
112
112
112
112
112
112
112
112
112
112
112
112
112
112
112
112
112
112
112
112
126
125
112
112
112
112
112
112
112
112
112
112
112
112
012
124
347
112
112
112
112
112
112
112
112
112
112
112
112
112
112
235
124
012
112
012
002
113
013
113
634
C73
D73
D73
E93
E83
E83
E83
E83
E83
E83
E83
E94
E83
D73
D73
D73
D73
D73
E83
E83
E94
E94
E93
E93
E83
D73
D63
C64
B54
944
944
A44
944
724
514
535
445
776
EDA
ECA
CBA
879
448
547
113
001
555
CBB
57A
124
012
112
112
112
112
112
112
112
112
112
112
112
112
112
112
112
112
112
112
112
112
112
112
112
112
112
112
112
112
112
112
112
112
112
112
112
112
114
114
112
112
112
112
112
112
112
112
112
112
112
112
112
112
012
112
112
112
112
112
112
112
112
112
112
112
112
112
112
347
224
012
012
012
113
125
125
113
534
C74
D73
D73
D63
D63
D63
D63
D73
D73
D73
D73
D73
D73
D73
D73
D83
D73
E94
F94
E93
E93
E94
E93
E83
D63
C64
B54
A44
944
944
A44
944
834
624
755
A88
DBA
DCA
A99
999
557
225
014
012
012
012
224
556
235
113
012
112
112
112
112
112
112
112
112
112
112
112
112
112
112
112
112
112
012
012
112
112
112
112
112
112
112
112
112
112
112
112
112
112
112
112
112
112
112
112
112
112
112
112
112
112
112
112
112
112
112
112
112
112
112
112
112
112
112
113
014
113
112
112
112
112
112
112
012
002
113
224
224
125
125
013
112
433
C73
E83
D83
D83
E83
D83
D83
D83
D83
D83
D83
D83
E83
D83
E83
E94
E93
E94
E94
E93
E83
E83
E83
D63
C64
A44
944
944
A44
944
834
A55
A66
966
EC9
EC9
CB9
878
347
126
012
001
002
112
112
112
012
002
012
012
112
112
112
112
112
112
112
112
112
112
112
112
112
112
112
112
112
113
234
113
012
112
112
112
112
112
112
112
112
112
112
112
112
112
112
112
112
112
112
112
112
112
112
112
112
112
112
112
112
112
012
112
112
112
112
112
112
112
112
113
014
113
112
112
112
002
012
112
012
223
446
558
347
124
113
012
113
323
C63
F93
FA4
FA4
FA4
EA4
E93
E93
E93
E94
E94
FA4
FA4
FA4
F94
E94
E94
E93
E83
E83
E73
D63
C64
B64
944
A44
A44
A44
934
934
965
CA8
FDA
EDA
B99
A98
557
014
014
002
335
456
235
112
012
112
112
112
112
112
112
112
112
112
112
112
112
112
112
112
112
112
112
112
112
112
112
113
478
123
012
112
112
112
112
112
112
112
112
112
112
112
112
112
112
112
112
112
112
112
112
112
112
112
112
112
112
112
112
112
112
112
112
112
112
112
112
112
112
112
112
112
112
012
112
457
335
002
224
558
558
237
013
012
112
112
112
213
943
D73
E83
E83
EA4
E93
E93
E94
F94
F93
E93
E83
E83
E83
E83
E83
E83
D73
D63
D63
C63
A54
944
944
944
933
855
977
C87
C97
ED9
DB9
A99
988
335
124
013
012
112
335
AAA
9AB
348
112
012
112
112
112
112
112
112
112
112
112
112
112
112
112
112
112
112
112
112
112
112
112
112
112
002
112
112
112
112
112
112
112
112
112
112
112
112
112
112
112
112
112
112
112
112
112
112
112
112
112
112
112
012
112
112
112
112
112
112
112
112
112
112
112
112
112
112
112
112
112
112
345
345
335
668
448
225
013
112
112
112
112
012
112
423
B53
E73
D73
E83
E83
E83
E83
E83
E83
E83
D73
D63
D63
D63
D63
C53
B54
B54
B54
A44
944
944
944
C97
B87
BA9
CCB
FEA
DCA
BA9
878
636
535
112
012
112
112
112
335
988
778
236
112
112
112
112
112
112
112
112
112
112
112
112
112
112
112
112
112
112
112
112
112
112
112
112
112
112
112
112
112
112
112
112
112
112
112
112
112
112
112
112
112
112
112
112
112
112
112
112
112
112
112
112
112
235
124
012
112
112
112
112
112
112
112
112
112
112
112
112
112
112
112
112
001
224
669
669
225
012
112
112
112
112
112
112
112
113
734
A44
B54
E73
D73
D73
D73
D73
D73
D73
D73
D73
D63
B54
B54
A44
944
944
944
845
B87
CA8
CA8
FEA
FEA
DCA
CBA
BA9
966
746
635
723
623
112
012
112
112
112
002
113
224
124
112
112
112
112
112
112
112
012
012
112
112
112
112
112
112
112
112
112
112
112
112
112
112
112
112
112
112
112
112
112
112
112
112
112
112
112
112
112
112
112
112
112
112
112
112
112
112
112
112
112
112
112
012
235
124
012
112
112
112
112
112
112
112
112
112
112
112
112
112
002
012
012
224
767
999
569
224
012
112
112
112
112
112
112
112
012
113
424
835
A54
A54
B54
C63
C64
C64
C63
B54
C64
B54
944
944
845
856
977
C98
CA8
EDA
FEA
FEA
CBA
CBA
978
746
745
723
723
824
724
423
012
002
012
112
112
112
012
012
012
112
112
112
112
112
112
002
356
356
002
112
112
112
112
112
112
112
112
112
112
112
112
112
112
112
112
112
112
112
112
112
112
112
112
112
112
112
112
112
112
112
112
112
112
112
112
112
112
112
112
112
112
112
002
012
112
112
112
112
112
112
112
112
112
112
112
112
112
113
557
345
001
546
A99
B99
559
124
002
112
012
112
112
112
112
112
112
012
113
424
725
735
835
944
A44
A44
A44
A43
944
945
878
C97
C98
CA9
DCA
FDA
FEA
CBA
BBA
AAA
746
746
734
723
723
824
824
623
213
002
445
568
346
112
012
112
112
112
112
112
112
112
112
112
112
012
123
123
012
112
112
112
112
112
112
112
112
112
112
112
112
112
112
112
112
112
112
112
112
112
112
112
112
112
112
012
478
245
002
112
112
112
112
112
112
112
112
112
112
112
112
112
112
112
112
112
112
112
112
112
112
112
112
112
112
112
112
112
445
334
002
546
BA9
DB9
BA9
889
335
001
002
012
012
012
012
112
112
112
012
012
313
624
724
824
845
867
B97
CA7
DA8
DB9
CCA
EDA
FE9
ECA
CA9
CA9
978
758
647
646
624
623
724
724
824
924
413
112
012
012
445
668
236
112
012
112
112
112
112
112
112
112
112
112
112
112
012
012
112
112
112
112
112
112
112
112
112
112
112
012
112
112
112
112
112
112
112
112
112
112
112
112
112
112
112
112
123
113
012
112
112
112
112
112
112
112
112
112
112
112
112
112
112
112
112
112
112
112
112
112
112
112
112
112
112
112
112
112
002
012
012
113
656
CAA
FDA
DCA
BA9
988
889
226
014
014
014
014
014
015
025
125
557
C98
DA8
CA8
CA9
DCA
EDA
FEA
ECA
CB9
DB9
CA9
989
857
735
745
625
624
624
624
724
824
823
823
623
313
012
012
112
012
113
223
113
112
112
112
112
112
112
112
112
112
112
112
112
112
112
112
112
112
112
112
112
112
112
112
112
112
012
247
135
012
112
112
112
112
112
112
112
112
112
112
112
112
112
112
012
012
112
112
112
112
112
112
112
112
112
112
112
112
112
112
112
112
112
112
112
112
112
112
112
112
112
112
112
112
112
112
112
112
113
012
113
435
88A
CB9
EC9
EDA
DCA
BA9
A98
A98
B98
BA8
BA8
BA8
BA9
BA9
DBA
FEA
DCA
CBA
EDA
EDA
CBA
BBB
989
745
846
846
635
624
624
624
724
823
823
823
823
724
724
523
113
012
012
112
112
112
012
012
012
112
112
112
112
112
112
112
112
112
112
112
112
112
112
112
112
112
112
112
112
112
112
112
112
112
112
124
124
012
112
112
112
112
112
112
112
112
112
112
112
112
112
112
112
112
112
112
112
112
112
112
112
112
112
112
112
112
112
112
112
112
112
112
112
112
112
112
112
112
112
112
112
112
112
112
012
123
889
568
235
002
124
334
445
557
989
A89
A89
A89
A89
A89
A89
A89
A9A
A9A
A9A
A9A
668
347
457
446
335
435
635
614
614
624
724
823
824
824
823
923
823
823
623
213
113
113
012
112
112
112
112
112
112
112
112
112
112
112
112
112
112
112
112
112
112
112
112
112
112
112
112
112
112
112
112
112
112
112
112
112
112
012
012
112
112
112
112
112
112
112
112
112
112
112
112
112
112
112
112
012
112
112
112
112
112
112
112
112
112
112
112
112
112
112
112
112
112
112
112
112
112
112
112
012
112
112
112
112
112
112
012
113
557
347
224
012
012
002
002
002
213
224
224
224
224
224
224
224
224
224
224
224
113
013
013
013
002
102
112
213
313
624
724
724
724
724
724
413
213
213
113
012
012
012
112
112
112
112
112
112
112
112
112
112
112
012
112
112
112
112
112
112
112
112
112
112
112
112
112
112
112
112
112
112
112
112
112
112
112
112
112
112
112
112
112
112
112
112
112
112
112
112
112
112
112
112
112
112
112
112
112
112
112
112
112
112
112
112
112
112
112
112
112
112
112
112
112
112
112
112
113
234
113
112
112
112
112
112
112
112
113
113
113
112
112
002
334
778
346
113
002
012
012
012
002
002
002
012
012
012
012
112
112
112
112
112
012
012
112
213
213
213
213
213
213
112
013
012
012
112
112
112
112
112
112
112
112
112
112
112
112
112
112
112
112
112
112
112
112
112
112
112
112
112
112
112
112
112
112
112
112
112
112
112
112
112
112
112
112
112
112
112
112
112
112
112
112
112
112
112
112
112
112
112
112
112
112
112
112
112
112
112
112
112
112
112
112
112
112
112
112
112
112
112
112
112
112
012
123
358
113
112
112
112
112
112
112
112
012
012
112
112
112
002
445
AAB
469
124
012
112
112
113
557
999
778
225
112
112
112
112
012
113
A99
679
246
012
112
012
012
012
012
012
012
112
112
112
112
112
112
112
112
113
113
112
112
112
112
112
112
112
112
112
112
112
012
012
112
112
112
112
112
112
112
112
112
012
112
112
112
112
112
112
112
112
112
112
112
112
112
112
112
112
112
113
126
112
112
112
112
112
112
112
112
112
112
112
112
112
112
112
112
112
112
112
112
112
112
112
112
112
112
112
112
112
112
112
112
002
112
112
112
112
112
112
112
112
112
112
112
112
112
012
123
335
224
113
112
112
012
113
779
A9A
779
236
112
112
112
112
012
113
667
458
235
012
112
112
112
112
112
112
112
112
112
112
112
112
112
112
012
136
125
112
112
112
112
112
112
112
112
112
112
112
247
124
012
112
112
112
112
112
112
012
112
358
124
012
112
112
112
112
112
112
112
112
112
112
112
112
112
113
123
246
37B
124
113
112
112
112
112
112
112
112
112
112
112
112
112
112
112
112
112
112
112
112
112
112
112
112
112
112
112
112
112
112
112
112
112
112
112
112
112
112
112
112
112
112
112
112
112
112
012
002
012
112
112
112
112
112
224
447
336
113
113
112
112
112
112
112
113
113
113
112
112
112
112
112
112
112
112
112
112
112
112
112
112
112
112
113
113
112
112
112
112
112
112
112
112
112
112
112
124
123
112
112
112
112
112
112
112
112
112
124
113
112
112
112
112
112
112
112
112
112
112
112
112
112
112
125
259
5AB
6CD
259
136
012
112
112
112
112
112
112
112
112
113
125
113
112
112
112
112
112
112
112
112
112
012
112
112
112
112
112
112
112
112
112
112
112
112
112
112
112
112
112
112
112
112
112
112
112
112
112
112
112
112
112
112
112
012
113
113
012
112
112
112
112
112
112
012
012
012
112
112
112
112
112
112
112
112
112
112
112
112
112
112
112
112
112
112
112
112
112
112
112
112
112
112
112
112
112
012
112
112
112
112
112
112
112
112
112
112
012
112
112
112
112
112
112
112
112
112
112
112
112
112
112
112
112
002
135
37B
112
112
112
112
112
112
112
112
112
112
112
112
124
113
112
112
112
112
112
112
112
012
124
135
012
112
112
112
112
112
112
112
112
112
112
112
112
112
112
112
112
112
112
112
112
112
112
112
112
112
112
112
112
112
112
112
012
012
112
112
112
112
112
112
112
112
112
112
112
112
112
112
112
112
112
012
112
112
112
112
112
112
112
112
112
112
112
112
112
112
112
012
012
112
112
112
112
112
112
112
112
112
112
112
112
112
112
112
112
112
112
112
112
112
112
124
126
113
112
112
112
112
112
112
112
112
124
137
112
112
112
112
112
112
112
112
112
112
112
112
112
112
112
112
112
112
112
112
112
012
124
125
112
112
112
112
112
112
112
112
112
112
112
112
112
112
112
112
123
113
112
112
112
112
112
112
112
112
112
112
112
112
112
112
112
112
112
112
112
112
112
112
112
112
112
112
112
112
112
112
112
112
112
113
112
112
112
112
112
112
112
112
112
112
112
112
112
112
012
124
125
112
112
112
112
112
112
112
112
112
112
112
112
112
112
002
112
112
112
112
112
112
112
113
125
113
112
112
112
112
112
112
112
112
112
112
112
112
112
112
112
112
112
112
112
112
112
112
112
112
112
112
112
112
112
112
112
112
012
012
112
112
112
112
112
112
112
112
112
112
112
112
112
112
112
113
379
124
012
112
112
112
112
112
112
112
112
112
112
113
125
113
112
112
112
112
112
112
112
112
112
112
112
112
112
112
112
112
112
012
123
358
113
012
112
112
112
112
112
112
112
112
112
112
112
112
012
235
236
012
112
112
112
112
112
112
112
112
112
112
112
012
123
234
112
112
112
112
112
112
112
112
112
112
112
112
112
112
112
112
112
112
112
112
112
112
112
112
112
112
112
112
112
112
112
112
112
112
112
112
112
112
112
112
112
112
112
112
112
112
112
112
112
112
112
012
012
112
112
112
112
112
112
112
112
112
112
112
112
112
112
112
112
112
112
112
112
113
125
113
112
112
112
112
112
112
112
112
112
112
112
112
112
112
112
112
112
112
113
113
112
112
112
112
112
112
112
112
112
112
112
112
112
112
113
012
012
112
112
112
112
112
112
112
112
112
112
112
112
002
234
467
112
112
112
112
112
112
112
112
112
112
112
112
112
112
112
112
112
112
112
112
112
112
112
112
112
112
112
112
112
112
112
112
112
112
112
112
112
112
112
112
112
112
112
112
112
112
112
112
112
112
113
123
113
112
112
112
112
112
112
112
112
112
112
112
112
112
112
112
112
112
112
112
112
112
112
112
112
112
112
112
112
112
112
012
113
113
112
112
112
112
112
112
112
112
112
012
112
112
112
112
112
112
112
112
112
112
112
112
112
112
112
112
112
112
112
112
112
112
112
112
112
112
112
112
112
113
112
002
112
112
112
112
112
112
112
112
112
112
112
112
112
112
112
112
112
112
112
112
112
112
112
112
112
012
002
112
112
112
112
112
112
112
112
112
112
112
112
112
112
112
112
112
112
112
112
112
112
012
123
37B
246
002
112
112
112
112
112
112
112
112
112
112
112
112
112
112
112
112
112
112
112
112
112
112
112
112
112
112
112
112
112
012
124
247
112
112
112
112
112
112
112
112
112
112
112
112
112
112
112
112
112
112
112
112
112
112
112
112
112
112
112
112
112
112
112
112
112
112
112
112
112
112
112
112
112
112
112
112
112
112
112
112
112
112
112
112
112
112
112
112
112
112
112
112
112
112
112
112
112
112
012
123
235
113
112
112
112
112
112
112
112
112
112
112
112
112
112
112
112
112
112
112
112
112
112
112
113
124
113
112
112
112
112
112
112
112
112
112
112
112
112
112
112
112
112
112
112
112
112
112
112
112
112
112
112
112
112
112
112
112
112
113
112
112
112
112
112
112
112
112
112
112
112
112
112
112
112
112
112
112
112
112
112
112
112
112
112
112
112
112
112
112
112
112
112
112
112
112
112
112
112
112
112
112
112
112
112
112
112
112
